49
49
58
49
49
58
49
49
49
58
49
49
49
58
49
49
58
49
49
49
58
49
58
49
49
58
49
49
58
49
49
49
58
49
58
49
49
49
49
49
49
49
64
49
49
64
49
64
64
64
49
51
64
64
64
54
80
80
60
80
80
80
80
80
80
64
64
64
96
96
96
96
96
96
96
96
96
96
96
96
96
96
96
96
96
96
96
96
96
96
81
96
96
81
81
81
81
81
81
81
96
81
81
81
81
81
81
81
81
81
81
81
81
81
81
96
96
96
96
96
96
96
96
96
96
96
96
96
96
96
96
96
96
96
96
96
96
96
96
96
96
96
96
96
96
96
96
96
96
96
96
96
96
96
96
96
96
96
96
96
96
96
96
96
96
96
96
96
96
96
96
96
96
96
96
96
96
96
96
96
96
96
96
96
96
96
96
96
96
96
96
96
96
96
96
96
96
96
96
96
96
96
96
96
96
96
64
64
49
64
49
64
49
49
64
64
64
64
49
49
49
49
64
64
64
64
64
64
64
49
64
49
49
49
49
64
49
64
64
49
49
64
64
64
64
64
64
49
64
49
64
49
49
64
64
64
49
49
64
49
49
64
64
64
64
64
64
64
64
49
64
49
49
49
64
64
64
49
64
49
64
49
49
64
64
64
64
80
80
64
80
80
80
64
64
80
80
64
64
80
80
80
64
80
80
64
64
64
80
80
64
64
80
80
80
64
80
64
80
64
80
64
64
64
80
80
64
64
64
80
64
80
80
64
80
80
80
64
64
80
80
64
64
80
80
80
64
64
80
80
64
64
80
80
80
64
64
64
80
64
64
80
64
64
80
64
64
64
80
64
64
80
64
64
80
80
64
64
80
80
80
64
64
80
80
64
64
80
80
80
64
64
80
80
64
64
80
80
64
64
80
80
80
64
64
80
80
80
64
80
80
64
64
64
80
80
80
64
80
80
64
64
80
80
80
64
80
80
64
80
80
80
64
64
80
80
80
64
64
68
64
68
64
68
64
64
68
68
64
68
80
80
64
80
80
80
64
64
64
64
80
80
64
64
64
64
80
80
64
64
80
80
80
64
64
64
64
96
96
96
96
49
42
42
49
42
42
49
42
42
49
42
42
49
42
42
49
42
42
49
49
42
42
49
42
42
49
42
42
49
42
42
42
42
42
42
64
64
49
49
64
64
49
64
64
64
64
64
66
66
69
69
70
70
70
72
72
73
73
74
74
74
74
74
74
77
77
80
80
81
81
81
82
82
84
84
85
85
85
85
85
85
86
86
86
86
88
88
88
88
89
89
89
89
90
90
90
90
92
92
92
92
93
93
93
93
94
94
94
94
96
96
96
96
96
96
96
96
96
96
96
96
96
96
96
96
96
96
96
96
96
80
96
96
80
80
96
96
80
80
96
96
96
80
80
96
96
80
96
96
80
80
80
96
96
80
96
96
96
80
80
96
96
80
96
96
80
80
96
96
80
80
96
96
96
80
80
96
96
80
96
96
80
80
80
96
80
96
80
80
96
96
96
96
80
80
80
96
80
80
96
80
80
96
96
80
96
96
80
80
80
96
96
80
96
96
96
80
80
80
96
96
96
80
80
80
80
96
96
80
80
80
96
96
80
80
80
96
96
80
96
96
96
80
80
80
80
80
96
96
96
80
80
80
80
96
96
80
96
96
80
80
80
96
96
96
80
80
80
80
96
96
80
80
96
96
96
80
80
80
80
96
96
80
96
96
80
80
80
96
96
96
80
96
96
80
80
80
96
96
80
80
80
96
96
80
80
80
96
96
80
80
80
96
96
96
80
80
96
96
96
80
80
96
96
96
80
80
96
96
96
80
96
96
80
80
80
96
96
80
80
96
96
80
80
80
96
96
96
80
80
80
80
96
96
80
80
80
80
96
96
96
80
80
96
96
80
96
96
80
80
96
96
80
80
96
96
96
80
80
96
96
80
96
96
80
80
80
96
96
96
96
80
96
96
96
80
80
96
96
80
96
96
80
80
96
96
80
80
96
96
96
80
80
96
96
80
96
96
80
80
80
96
96
80
96
96
96
80
80
80
96
96
80
80
96
96
96
80
80
80
80
96
96
80
96
96
80
80
80
96
96
96
80
80
80
80
96
96
80
80
80
80
96
96
96
80
80
80
96
96
80
80
80
96
96
80
96
96
96
80
80
80
80
80
96
96
96
80
80
80
96
96
80
80
96
96
80
80
96
96
96
80
80
80
80
96
96
96
96
96
96
96
96
96
96
96
80
80
96
96
80
80
80
96
96
80
96
96
80
80
80
96
96
96
96
80
80
96
96
96
96
80
80
