357143
535715
1428572
714286
892858
892858
1071429
1071429
1250001
1428572
1607144
1785715
1785715
1964287
2857144
2142858
2321430
2321430
2500001
2857144
2678573
2857144
3035716
3214287
3214287
3392859
4642859
3571430
3571430
3750002
3750002
3928573
4107145
4107145
4285716
4464288
4464288
4642859
4821431
4821431
6071431
5000002
5000002
5178574
5535717
5357145
5535717
5714288
6071431
5892860
6071431
6250003
8750004
8750004
6428574
6607146
6785717
6964289
7142860
7321432
7500003
7678575
7857146
8035718
8214289
8392861
8571432
8750004
8928575
10714290
10714290
10714290
11071433
11339290
11428576
11785719
13214291
13214291
11964291
12142862
12321434
12500005
12678577
12857148
13035720
13214291
13750006
13750006
13392863
13571434
13750006
14285720
14285720
13928577
14107149
14285720
14642863
14642863
14464292
14642863
16071435
16071435
14821435
15000006
15178578
15357149
15535721
15714292
15892864
16071435
16607150
16607150
16250007
16428578
16607150
17142864
17142864
16785721
16964293
17142864
17500007
17500007
17321436
17500007
18928579
18928579
17678579
17857150
18035722
18214293
18392865
18571436
18750008
18928579
19285722
19285722
19107151
19285722
19642865
19642865
19464294
19642865
20000008
20000008
19821437
20000008
20357151
20357151
20178580
20357151
21785723
21785723
20535723
20714294
20892866
21071437
21250009
21428580
21607152
21785723
23214295
23214295
21964295
22142866
22321438
22500009
22678581
22857152
23035724
23214295
23928581
23928581
25000010
24642867
24642867
24642867
25357153
25357153
25357153
25535725
25714296
25714296
25714296
26071439
25892868
26071439
26607154
26607154
26607154
26607154
27857154
27142868
27142868
27142868
27142868
27500011
27857154
27857154
27857154
28214297
28392869
28571440
28571440
28571440
28928583
28928583
29464298
29285726
29285726
30714298
29642869
30357155
30357155
30357155
31071441
31071441
31071441
31250013
31428584
31428584
31428584
31785727
31607156
31785727
32500013
32500013
32500013
33571442
32857156
32857156
32857156
32857156
33214299
33571442
33571442
33571442
33928585
34107157
34285728
34285728
34285728
34642871
34642871
35000014
35000014
35000014
35000014
36428586
35178586
35357157
36071443
36071443
36071443
36071443
36785729
36785729
36785729
36785729
36964301
37142872
37142872
37142872
37142872
37500015
37500015
38214301
38214301
38214301
39285730
38928587
38928587
38928587
39642873
39642873
39642873
39821445
40000016
40000016
40000016
40357159
40178588
40357159
40714302
40714302
40714302
42142874
40892874
41071445
41785731
41785731
41785731
42500017
42500017
42500017
42500017
42678589
43035732
43035732
43035732
43035732
43214303
43214303
43392875
43392875
43392875
44107161
43928589
44642875
44642875
44642875
44642875
44285732
44464304
44642875
45357161
45357161
45714304
45446447
45535733
45625018
45714304
45892876
46071447
46071447
46428590
46607162
46607162
46964305
46964305
47321448
47142876
47500019
47678591
48035734
48035734
48392877
48571448
48750020
48928591
48928591
49285734
49464306
49464306
49464306
49821449
50000020
50178592
50178592
50357163
50535735
50535735
50892878
50714306
50892878
51428592
51250021
51607164
51785735
51785735
52142878
53214307
52321450
52678593
53035736
53392879
53392879
53750022
53750022
54107165
54107165
54642879
54285736
54464308
54464308
54642879
55000022
55000022
56071451
55178594
55535737
55892880
55892880
55892880
56250023
56250023
56250023
57500023
56428594
56607166
57142880
57321452
57321452
57500023
57857166
57857166
57857166
57678595
57857166
58035738
58035738
58392881
58214309
58392881
58750024
58571452
58750024
59107167
58928595
59107167
59464310
59285738
59464310
59821453
59642881
59821453
60178596
60000024
60357167
60357167
60178596
60357167
60357167
60714310
60714310
60714310
60535739
60714310
60892882
60892882
61250025
61071453
61250025
61428596
61428596
61607168
61607168
61964311
61785739
61964311
62142882
62142882
62500025
62321454
62500025
62678597
62857168
63214311
63035740
63214311
63571454
63303597
63392883
63482168
63571454
63750026
63660740
63750026
64107169
63839311
63928597
64017883
64107169
64196454
64285740
64642883
64375026
64464312
64553597
64642883
65000026
64732169
64821455
64910740
65000026
65178598
65089312
65178598
65535741
65267883
65357169
65446455
65535741
65625026
65714312
66071455
65803598
65892884
65982169
66071455
66428598
66428598
66517884
66607170
66607170
66964313
66964313
67321456
67321456
67678599
67678599
67857170
67857170
68035742
68035742
68482170
68482170
68928599
68928599
68928599
69285742
69285742
69285742
69107171
69107171
69107171
69285742
69464314
69464314
69464314
69821457
69821457
69642885
69821457
70178600
70178600
70000028
70178600
70535743
70535743
70357171
70535743
70892886
70892886
70714314
70892886
71250029
71250029
71071457
71250029
71607172
71607172
71428600
71607172
71607172
71785743
71785743
71785743
72142886
72142886
72142886
71964315
71964315
71964315
72142886
72321458
72321458
72321458
72678601
72678601
72678601
72500029
72678601
73035744
73035744
72857172
73035744
73392887
73392887
73214315
73392887
73571458
73571458
73571458
73750030
73750030
73750030
74107173
74107173
73928601
74107173
74285744
74464316
74464316
74642887
74642887
74642887
75000030
75000030
75000030
74821459
74821459
74821459
75000030
75178602
75178602
75178602
75535745
75535745
75357173
75535745
75892888
75892888
75714316
75892888
76250031
76250031
76071459
76250031
76607174
76607174
76428602
76607174
76964317
76964317
76785745
76964317
77321460
77321460
77142888
77321460
77321460
77500031
77500031
77500031
77857174
77857174
77857174
77678603
77678603
77678603
77857174
78035746
78035746
78035746
78392889
78392889
78392889
78214317
78392889
78750032
78750032
78571460
78750032
79107175
79107175
78928603
79107175
79285746
79285746
79285746
79464318
79464318
79464318
79821461
79821461
79642889
79821461
80000032
80357175
80357175
80178604
80357175
80714318
80714318
80714318
80535747
80535747
80535747
80714318
80892890
80892890
80892890
81250033
81250033
81071461
81250033
81607176
81607176
81428604
81607176
81964319
81964319
81785747
81964319
82321462
82321462
82142890
82321462
82857176
82857176
82500033
82678605
82857176
83214319
83214319
83035748
83035748
83214319
83571462
83571462
83571462
83392891
83392891
83392891
83571462
83750034
83750034
83750034
84107177
84107177
84107177
83928605
84107177
84464320
84464320
84285748
84464320
84821463
84821463
84642891
84821463
85000034
85000034
85000034
85535749
85535749
85178606
85357177
85535749
86071463
86071463
85714320
85892892
85892892
86071463
89107179
89107179
89107179
